 0.10 150.00 0.00 0
 0.20 150.00 0.00 0
 0.30 150.00 0.00 3
 0.40 150.00 0.00 10
 0.50 150.00 0.00 21
 0.60 150.00 0.00 36
 0.70 150.00 3.64 40
 0.80 150.00 0.00 59
 0.90 150.00 25.45 59
 1.00 150.00 87.27 59
 1.10 150.00 125.45 59
 1.20 150.00 147.27 59
 1.30 150.00 161.82 59
 1.40 150.00 169.09 59
 1.50 150.00 174.55 59
 1.60 150.00 176.36 59
 1.70 150.00 180.00 58
 1.80 150.00 180.00 57
 1.90 150.00 178.18 56
 2.00 150.00 174.55 55
 2.10 150.00 169.09 55
 2.20 150.00 165.45 54
 2.30 150.00 163.64 53
 2.40 150.00 158.18 53
 2.50 150.00 152.73 53
 2.60 150.00 152.73 53
 2.70 150.00 149.09 53
 2.80 150.00 150.91 53
 2.90 150.00 149.09 53
 3.00 150.00 147.27 53
 3.10 150.00 149.09 53
 3.20 150.00 149.09 53
 3.30 150.00 149.09 53
 3.40 150.00 149.09 53
 3.50 150.00 145.45 53
 3.60 150.00 149.09 53
 3.70 150.00 149.09 53
 3.80 150.00 145.45 53
 3.90 150.00 149.09 53
 4.00 150.00 149.09 53
 4.10 150.00 147.27 53
 4.20 150.00 147.27 53
 4.30 150.00 149.09 53
 4.40 150.00 147.27 53
 4.50 150.00 149.09 53
 4.60 150.00 149.09 53
 4.70 150.00 147.27 53
 4.80 150.00 149.09 53
 4.90 150.00 149.09 53
 5.00 150.00 147.27 53
 5.10 150.00 150.91 53
 5.20 150.00 149.09 53
 5.30 150.00 147.27 53
 5.40 150.00 149.09 53
 5.50 150.00 149.09 54
 5.60 150.00 149.09 55
 5.70 150.00 154.55 55
 5.80 150.00 156.36 55
 5.90 150.00 156.36 55
 6.00 150.00 160.00 54
 6.10 150.00 158.18 54
 6.20 150.00 156.36 54
 6.30 150.00 158.18 53
 6.40 150.00 152.73 53
 6.50 150.00 154.55 53
 6.60 150.00 150.91 53
 6.70 150.00 150.91 53
 6.80 150.00 150.91 53
 6.90 150.00 149.09 53
 7.00 150.00 149.09 53
 7.10 150.00 149.09 53
 7.20 150.00 150.91 53
 7.30 150.00 147.27 53
 7.40 150.00 149.09 53
 7.50 150.00 149.09 53
 7.60 150.00 149.09 53
 7.70 150.00 149.09 53
 7.80 150.00 149.09 53
 7.90 150.00 149.09 53
 8.00 150.00 149.09 53
 8.10 150.00 149.09 53
 8.20 150.00 149.09 53
 8.30 150.00 149.09 53
 8.40 150.00 149.09 53
 8.50 150.00 149.09 53
 8.60 150.00 149.09 53
 8.70 150.00 149.09 53
 8.80 150.00 147.27 53
 8.90 150.00 147.27 53
 9.00 150.00 149.09 53
 9.10 150.00 147.27 53
 9.20 150.00 149.09 53
 9.30 150.00 147.27 53
 9.40 150.00 149.09 53
 9.50 150.00 147.27 53
 9.60 150.00 147.27 54
 9.70 150.00 149.09 54
 9.80 150.00 152.73 54
 9.90 150.00 150.91 54
 10.00 150.00 154.55 54
 10.10 150.00 152.73 54
 10.20 150.00 152.73 54
 10.30 150.00 156.36 53
 10.40 150.00 152.73 53
 10.50 150.00 150.91 53
 10.60 150.00 150.91 53
 10.70 150.00 150.91 53
 10.80 150.00 147.27 53
 10.90 150.00 150.91 53
 11.00 150.00 149.09 53
 11.10 150.00 147.27 53
 11.20 150.00 149.09 53
 11.30 150.00 149.09 53
 11.40 150.00 145.45 53
 11.50 150.00 149.09 53
 11.60 150.00 149.09 54
 11.70 150.00 149.09 55
 11.80 150.00 150.91 55