 0.10 100.00 0.00 0
 0.20 100.00 0.00 0
 0.30 100.00 0.00 2
 0.40 100.00 0.00 7
 0.50 100.00 0.00 14
 0.60 100.00 0.00 24
 0.70 100.00 1.82 29
 0.80 100.00 0.00 42
 0.90 100.00 1.82 50
 1.00 100.00 1.82 67
 1.10 100.00 38.18 67
 1.20 100.00 112.73 67
 1.30 100.00 158.18 67
 1.40 100.00 183.64 67
 1.50 100.00 196.36 66
 1.60 100.00 207.27 61
 1.70 100.00 205.45 61
 1.80 100.00 198.18 61
 1.90 100.00 194.55 59
 2.00 100.00 190.91 56
 2.10 100.00 181.82 56
 2.20 100.00 174.55 55
 2.30 100.00 167.27 54
 2.40 100.00 160.00 53
 2.50 100.00 156.36 53
 2.60 100.00 150.91 51
 1.20 100.00 112.73 67
 1.30 100.00 158.18 67
 1.40 100.00 183.64 67
 1.50 100.00 196.36 66
 1.60 100.00 207.27 61
 1.70 100.00 205.45 61
 1.80 100.00 198.18 61
 1.90 100.00 194.55 59
 2.00 100.00 190.91 56
 2.10 100.00 181.82 56
 2.20 100.00 174.55 55
 2.30 100.00 167.27 54
 2.40 100.00 160.00 53
 2.50 100.00 156.36 53
 2.60 100.00 150.91 51
 2.70 100.00 145.45 50
 2.80 100.00 140.00 49
 2.90 100.00 134.55 48
 3.00 100.00 125.45 48
 3.10 100.00 123.64 48
 3.20 100.00 118.18 48
 3.30 100.00 120.00 48
 3.40 100.00 116.36 48
 3.50 100.00 116.36 48
 3.60 100.00 116.36 47
 3.70 100.00 116.36 46
 3.80 100.00 109.09 46
 3.90 100.00 110.91 46
 4.00 100.00 107.27 46
 4.10 100.00 105.45 46
 4.20 100.00 105.45 45
 4.30 100.00 105.45 44
 4.40 100.00 100.00 44
 4.50 100.00 98.18 44
 4.60 100.00 98.18 44
 4.70 100.00 94.55 44
 4.80 100.00 94.55 44
 4.90 100.00 94.55 44
 5.00 100.00 92.73 44
 5.10 100.00 94.55 44
 5.20 100.00 94.55 44
 5.30 100.00 92.73 44
 5.40 100.00 94.55 44
 5.50 100.00 92.73 44
 5.60 100.00 92.73 44
 5.70 100.00 94.55 44
 5.80 100.00 92.73 44
 5.90 100.00 92.73 44
 6.00 100.00 94.55 44
 6.10 100.00 92.73 44
 6.20 100.00 94.55 44
 6.30 100.00 92.73 44
 6.40 100.00 92.73 45
 6.50 100.00 94.55 46
 6.60 100.00 98.18 46
 6.70 100.00 100.00 47
 6.80 100.00 103.64 47
 6.90 100.00 105.45 47
 7.00 100.00 107.27 47
 7.10 100.00 109.09 47
 7.20 100.00 107.27 47
 7.30 100.00 109.09 47
 7.40 100.00 109.09 47
 7.50 100.00 109.09 47
 7.60 100.00 109.09 46
 7.70 100.00 109.09 45
 7.80 100.00 105.45 45
 7.90 100.00 101.82 45
 8.00 100.00 101.82 45
 8.10 100.00 100.00 45
 8.20 100.00 98.18 45
 8.30 100.00 100.00 45
 8.40 100.00 98.18 45
 8.50 100.00 98.18 45
 8.60 100.00 98.18 45
 8.70 100.00 100.00 45
 8.80 100.00 98.18 45
 8.90 100.00 100.00 45
 9.00 100.00 98.18 45
 9.10 100.00 98.18 45
 9.20 100.00 100.00 45
 9.30 100.00 100.00 45
 9.40 100.00 98.18 45
 9.50 100.00 100.00 45
 9.60 100.00 98.18 45
 9.70 100.00 100.00 45
 9.80 100.00 98.18 45
 9.90 100.00 100.00 45
 10.00 100.00 100.00 45
 10.10 100.00 100.00 45
 10.20 100.00 98.18 45
 10.30 100.00 100.00 45