 0.10 50.00 0.00 0
 0.20 50.00 0.00 0
 0.30 50.00 0.00 1
 0.40 50.00 0.00 3
 0.50 50.00 0.00 6
 0.60 50.00 0.00 11
 0.70 50.00 0.00 17
 0.80 50.00 0.00 24
 0.90 50.00 0.00 32
 1.00 50.00 0.00 42
 1.10 50.00 1.82 42
 1.20 50.00 0.00 52
 1.30 50.00 1.82 53
 1.40 50.00 1.82 62
 1.50 50.00 54.55 62
 1.60 50.00 105.45 62
 1.70 50.00 130.91 58
 1.80 50.00 141.82 50
 1.90 50.00 134.55 50
 2.00 50.00 123.64 49
 2.10 50.00 114.55 46
 2.20 50.00 107.27 42
 2.30 50.00 94.55 36
 2.40 50.00 78.18 36
 2.50 50.00 63.64 36
 2.60 50.00 58.18 36
 2.70 50.00 50.91 36
 2.80 50.00 49.09 36
 2.90 50.00 47.27 36
 3.00 50.00 45.45 36
 3.10 50.00 47.27 36
 3.20 50.00 45.45 36
 3.30 50.00 45.45 36
 3.40 50.00 45.45 36
 3.50 50.00 45.45 36
 3.60 50.00 45.45 36
 3.90 50.00 47.27 36
 4.00 50.00 43.64 36
 4.10 50.00 47.27 36
 4.20 50.00 43.64 36
 4.30 50.00 43.64 36
 4.40 50.00 47.27 36
 4.50 50.00 43.64 36
 4.60 50.00 47.27 36
 4.70 50.00 43.64 36
 4.80 50.00 45.45 36
 4.90 50.00 45.45 36
 5.00 50.00 43.64 36
 5.10 50.00 45.45 36
 5.20 50.00 45.45 36
 5.30 50.00 43.64 36
 5.40 50.00 45.45 36
 5.50 50.00 45.45 37
 5.60 50.00 43.64 37
 5.70 50.00 49.09 36
 5.80 50.00 47.27 36
 5.90 50.00 45.45 36
 6.00 50.00 47.27 36
 6.10 50.00 43.64 36
 6.20 50.00 45.45 36
 6.30 50.00 45.45 37
 6.40 50.00 47.27 37
 6.50 50.00 47.27 38
 6.60 50.00 47.27 39
 6.70 50.00 52.73 38
 6.80 50.00 54.55 38
 6.90 50.00 52.73 38
 7.00 50.00 54.55 38
 7.10 50.00 54.55 38
 7.20 50.00 52.73 38
 7.30 50.00 52.73 38
 7.40 50.00 54.55 38
 7.50 50.00 52.73 38
 7.60 50.00 52.73 38
 7.70 50.00 54.55 38
 7.80 50.00 52.73 38
 7.90 50.00 52.73 38
 8.00 50.00 54.55 38
 8.10 50.00 54.55 38
 8.20 50.00 52.73 38
 8.30 50.00 52.73 38
 8.40 50.00 54.55 38
 8.50 50.00 54.55 38
 8.60 50.00 52.73 38
 8.70 50.00 52.73 38
 8.80 50.00 54.55 38
 8.90 50.00 54.55 38
 9.00 50.00 52.73 38
 9.10 50.00 52.73 38
 9.20 50.00 54.55 38
 9.30 50.00 54.55 38
 9.40 50.00 50.91 38
 9.50 50.00 54.55 38
 9.60 50.00 54.55 38
 9.70 50.00 54.55 38
 9.80 50.00 52.73 38
 9.90 50.00 52.73 38
 10.00 50.00 54.55 38
 10.10 50.00 54.55 38
 10.20 50.00 50.91 38
