 0.10 70.00 0.00 0
 0.20 70.00 0.00 0
 0.30 70.00 0.00 1
 0.40 70.00 0.00 4
 0.50 70.00 0.00 9
 0.60 70.00 0.00 16
 0.70 70.00 0.00 24
 0.80 70.00 0.00 34
 0.90 70.00 0.00 46
 1.00 70.00 1.82 48
 1.10 70.00 0.00 62
 1.20 70.00 20.00 62
 1.30 70.00 81.82 62
 1.40 70.00 121.82 62
 1.50 70.00 141.82 62
 1.60 70.00 158.18 58
 1.70 70.00 161.82 58
 1.80 70.00 156.36 58
 1.90 70.00 160.00 56
 2.00 70.00 154.55 54
 2.10 70.00 147.27 52
 2.20 70.00 143.64 49
 2.30 70.00 132.73 46
 2.40 70.00 118.18 45
 2.50 70.00 110.91 45
 2.60 70.00 101.82 44
 2.70 70.00 94.55 43
 2.80 70.00 89.09 43
 2.90 70.00 87.27 43
 3.00 70.00 83.64 43
 3.10 70.00 81.82 43
 3.20 70.00 81.82 43
 3.30 70.00 81.82 43
 3.40 70.00 81.82 42
 3.50 70.00 78.18 42
 3.60 70.00 80.00 42
 3.70 70.00 78.18 42
 3.80 70.00 74.55 42
 3.90 70.00 76.36 42
 4.00 70.00 76.36 42
 4.10 70.00 76.36 41
 4.20 70.00 76.36 40
 4.30 70.00 70.91 40
 4.40 70.00 69.09 40
 4.50 70.00 69.09 40
 4.60 70.00 67.27 40
 4.70 70.00 67.27 40
 4.80 70.00 67.27 40
 4.90 70.00 67.27 40
 5.00 70.00 65.45 40
 5.10 70.00 67.27 40
 5.20 70.00 67.27 40
 5.30 70.00 65.45 40
 5.40 70.00 67.27 40
 5.50 70.00 67.27 40
 5.60 70.00 65.45 40
 5.70 70.00 67.27 40
 5.80 70.00 65.45 40
 5.90 70.00 65.45 40
 6.00 70.00 67.27 40
 6.10 70.00 67.27 40
 6.20 70.00 65.45 40
 6.30 70.00 65.45 40
 6.40 70.00 67.27 40
 6.50 70.00 67.27 40
 6.60 70.00 65.45 40
 6.70 70.00 65.45 40
 6.80 70.00 65.45 40
 6.90 70.00 67.27 40
 7.00 70.00 67.27 41
 7.10 70.00 65.45 41
 7.20 70.00 69.09 41
 7.30 70.00 69.09 42
 7.40 70.00 72.73 42
 7.50 70.00 72.73 42
 7.60 70.00 74.55 42
 7.70 70.00 74.55 42
 7.80 70.00 76.36 42
 7.90 70.00 76.36 42
 8.00 70.00 74.55 42
 8.10 70.00 76.36 42
 8.20 70.00 74.55 42
 8.30 70.00 76.36 42
 8.40 70.00 76.36 42
 8.50 70.00 76.36 42
 8.60 70.00 76.36 41
 8.70 70.00 74.55 41
 8.80 70.00 72.73 41
 8.90 70.00 72.73 41
 9.00 70.00 70.91 41
 9.10 70.00 72.73 41
 9.20 70.00 70.91 41
 9.30 70.00 70.91 41
 9.40 70.00 70.91 41
 9.50 70.00 70.91 41
 9.60 70.00 70.91 41
 9.70 70.00 70.91 41
 9.80 70.00 72.73 41
 9.90 70.00 70.91 41
 10.00 70.00 70.91 41
 10.10 70.00 72.73 41
 10.20 70.00 69.09 41
 10.30 70.00 72.73 41
 10.40 70.00 72.73 41
 10.50 70.00 69.09 41
 10.60 70.00 72.73 41
 10.70 70.00 70.91 41
 10.80 70.00 70.91 41
 10.90 70.00 72.73 41
 11.00 70.00 70.91 41
 11.10 70.00 70.91 41
 11.20 70.00 72.73 41
 11.30 70.00 70.91 41
 11.40 70.00 70.91 41
 11.50 70.00 70.91 41
 11.60 70.00 72.73 41
 11.70 70.00 70.91 41
 11.80 70.00 70.91 41
 11.90 70.00 72.73 41
 12.00 70.00 70.91 41
 12.10 70.00 70.91 40
 12.20 70.00 70.91 39